size	stride	elapsed(s)	cycles
4096	1	0.000963	963
4096	2	0.000942	942
4096	4	0.000928	928
4096	8	0.000931	932
4096	16	0.001007	1006
4096	32	0.001009	1009
4096	64	0.001074	1074
4096	128	0.001353	1353
4096	256	0.001264	1264
4096	512	0.000789	789
4096	1024	0.000765	765
4096	2048	0.000760	759
8192	1	0.001869	1868
8192	2	0.001804	1804
8192	4	0.001820	1820
8192	8	0.001810	1810
8192	16	0.001902	1902
8192	32	0.001835	1835
8192	64	0.002005	2004
8192	128	0.002175	2175
8192	256	0.002692	2691
8192	512	0.001589	1589
8192	1024	0.001597	1597
8192	2048	0.001618	1618
8192	4096	0.001685	1685
16384	1	0.003595	3595
16384	2	0.003614	3613
16384	4	0.003660	3660
16384	8	0.003567	3566
16384	16	0.003693	3693
16384	32	0.003636	3636
16384	64	0.003744	3745
16384	128	0.003859	3859
16384	256	0.004342	4342
16384	512	0.003267	3267
16384	1024	0.003176	3176
16384	2048	0.003358	3358
16384	4096	0.003462	3462
16384	8192	0.003309	3308
32768	1	0.007163	7163
32768	2	0.007167	7167
32768	4	0.007139	7138
32768	8	0.007060	7061
32768	16	0.006984	6984
32768	32	0.006856	6856
32768	64	0.006736	6736
32768	128	0.008176	8176
32768	256	0.009335	9335
32768	512	0.006677	6676
32768	1024	0.006518	6518
32768	2048	0.006648	6648
32768	4096	0.007073	7073
32768	8192	0.006952	6952
32768	16384	0.006616	6616
65536	1	0.013483	13483
65536	2	0.013251	13250
65536	4	0.013997	13997
65536	8	0.014363	14363
65536	16	0.014345	14344
65536	32	0.014482	14482
65536	64	0.013392	13391
65536	128	0.015160	15160
65536	256	0.018405	18405
65536	512	0.012364	12363
65536	1024	0.012157	12157
65536	2048	0.014162	14161
65536	4096	0.032312	32312
65536	8192	0.014211	14211
65536	16384	0.013917	13916
65536	32768	0.013277	13277
131072	1	0.027037	27036
131072	2	0.026102	26102
131072	4	0.028020	28020
131072	8	0.028527	28527
131072	16	0.028630	28630
131072	32	0.028289	28289
131072	64	0.026379	26379
131072	128	0.029353	29353
131072	256	0.034073	34073
131072	512	0.027712	27712
131072	1024	0.028096	28095
131072	2048	0.069725	69725
131072	4096	0.117019	117018
131072	8192	0.064860	64859
131072	16384	0.028231	28231
131072	32768	0.027809	27809
131072	65536	0.026563	26562
262144	1	0.053920	53920
262144	2	0.052190	52190
262144	4	0.056042	56042
262144	8	0.056383	56382
262144	16	0.055850	55850
262144	32	0.054006	54006
262144	64	0.053963	53963
262144	128	0.062476	62475
262144	256	0.074023	74024
262144	512	0.068609	68609
262144	1024	0.071554	71554
262144	2048	0.093420	93420
262144	4096	0.231354	231353
262144	8192	0.209138	209137
262144	16384	0.129978	129977
262144	32768	0.056310	56310
262144	65536	0.055539	55539
262144	131072	0.053195	53195
524288	1	0.107923	107923
524288	2	0.104969	104969
524288	4	0.112726	112726
524288	8	0.112656	112656
524288	16	0.111017	111017
524288	32	0.107907	107907
524288	64	0.112749	112749
524288	128	0.136758	136758
524288	256	0.169096	169095
524288	512	0.169835	169834
524288	1024	0.174173	174173
524288	2048	0.158448	158448
524288	4096	0.479252	479252
524288	8192	0.442100	442100
524288	16384	0.455252	455252
524288	32768	0.287659	287659
524288	65536	0.120257	120257
524288	131072	0.111412	111412
524288	262144	0.106299	106299
1048576	1	0.215699	215699
1048576	2	0.208199	208200
1048576	4	0.224682	224682
1048576	8	0.224695	224695
1048576	16	0.221041	221041
1048576	32	0.213811	213797
1048576	64	0.227798	227798
1048576	128	0.277426	277426
1048576	256	0.345914	345914
1048576	512	0.353585	353585
1048576	1024	0.363737	363737
1048576	2048	0.320854	320853
1048576	4096	0.932710	932709
1048576	8192	0.894662	894662
1048576	16384	0.924686	924686
1048576	32768	0.936857	936857
1048576	65536	0.578098	578097
1048576	131072	0.241324	241324
1048576	262144	0.222540	222540
1048576	524288	0.212631	212631
2097152	1	0.431418	431418
2097152	2	0.418626	418626
2097152	4	0.448360	448360
2097152	8	0.449698	449698
2097152	16	0.442041	442040
2097152	32	0.427849	427850
2097152	64	0.454548	454548
2097152	128	0.555068	555067
2097152	256	0.692031	692031
2097152	512	0.711132	711132
2097152	1024	0.732112	732113
2097152	2048	0.641794	641794
2097152	4096	1.842844	1842843
2097152	8192	1.771980	1771980
2097152	16384	1.785459	1785459
2097152	32768	1.899434	1899433
2097152	65536	1.989141	1989141
2097152	131072	1.154367	1154367
2097152	262144	0.481040	481040
2097152	524288	0.445646	445646
2097152	1048576	0.425379	425379
4194304	1	0.863005	863005
4194304	2	0.836686	836686
4194304	4	0.896960	896960
4194304	8	0.898304	898304
4194304	16	0.885939	885939
4194304	32	0.859920	859920
4194304	64	0.923033	923033
4194304	128	1.148763	1148762
4194304	256	1.442415	1442414
4194304	512	1.478794	1478794
4194304	1024	1.594328	1594327
4194304	2048	1.358882	1358882
4194304	4096	3.706622	3706622
4194304	8192	3.700228	3700228
4194304	16384	3.558543	3558544
4194304	32768	3.532245	3532245
4194304	65536	3.569697	3569697
4194304	131072	3.280977	3280976
4194304	262144	2.309857	2309857
4194304	524288	0.963145	963145
4194304	1048576	0.890922	890922
4194304	2097152	0.851021	851022
